rawID	subjID	choice	effort	reward	trial
91	1001	1	2	25	1
91	1001	0	10	20	2
91	1001	1	4	15	3
91	1001	0	10	25	4
91	1001	0	10	5	5
91	1001	1	2	5	6
91	1001	1	8	15	7
91	1001	1	8	25	8
91	1001	1	8	20	9
91	1001	1	4	10	10
91	1001	1	4	25	11
91	1001	0	10	10	12
91	1001	1	4	20	13
91	1001	1	2	10	14
91	1001	1	6	5	15
91	1001	1	6	25	16
91	1001	1	2	15	17
91	1001	1	6	15	18
91	1001	0	4	5	19
91	1001	1	6	10	20
91	1001	1	6	20	21
91	1001	1	2	20	22
91	1001	0	10	15	23
91	1001	1	8	10	24
91	1001	0	8	5	25
91	1001	0	10	20	26
91	1001	1	2	10	27
91	1001	0	8	5	28
91	1001	0	10	15	29
91	1001	1	4	10	30
91	1001	1	6	20	31
91	1001	1	6	15	32
91	1001	1	8	25	33
91	1001	0	10	5	34
91	1001	1	10	25	35
91	1001	1	8	10	36
91	1001	1	4	20	37
91	1001	1	6	10	38
91	1001	1	8	15	39
91	1001	1	2	5	40
91	1001	1	2	15	41
91	1001	1	2	25	42
91	1001	1	4	5	43
91	1001	1	8	20	44
91	1001	0	6	5	45
91	1001	1	2	20	46
91	1001	0	10	10	47
91	1001	1	4	25	48
91	1001	1	4	15	49
91	1001	1	6	25	50
92	1002	1	2	15	1
92	1002	1	6	20	2
92	1002	1	4	5	3
92	1002	1	2	20	4
92	1002	1	10	25	5
92	1002	1	4	25	6
92	1002	1	8	25	7
92	1002	1	10	20	8
92	1002	1	2	5	9
92	1002	1	2	10	10
92	1002	0	8	20	11
92	1002	1	4	15	12
92	1002	1	2	25	13
92	1002	1	8	10	14
92	1002	1	8	15	15
92	1002	1	6	5	16
92	1002	1	6	25	17
92	1002	1	4	20	18
92	1002	1	10	5	19
92	1002	1	6	15	20
92	1002	1	6	10	21
92	1002	1	10	10	22
92	1002	1	4	10	23
92	1002	1	8	5	24
92	1002	1	10	15	25
92	1002	1	6	15	26
92	1002	1	10	10	27
92	1002	1	10	15	28
92	1002	1	4	20	29
92	1002	1	10	5	30
92	1002	1	2	10	31
92	1002	1	8	15	32
92	1002	1	10	20	33
92	1002	1	10	25	34
92	1002	1	8	10	35
92	1002	1	6	5	36
92	1002	1	6	20	37
92	1002	1	4	5	38
92	1002	1	8	25	39
92	1002	1	6	10	40
92	1002	1	4	10	41
92	1002	1	2	25	42
92	1002	1	2	15	43
92	1002	1	4	25	44
92	1002	1	8	20	45
92	1002	1	4	15	46
92	1002	1	6	25	47
92	1002	1	2	20	48
92	1002	1	8	5	49
92	1002	1	2	5	50
95	1003	1	8	15	1
95	1003	0	8	10	2
95	1003	0	6	5	3
95	1003	1	2	5	4
95	1003	1	10	15	5
95	1003	1	6	10	6
95	1003	0	10	10	7
95	1003	1	2	20	8
95	1003	1	4	5	9
95	1003	1	2	25	10
95	1003	1	8	25	11
95	1003	1	10	20	12
95	1003	1	4	20	13
95	1003	1	2	10	14
95	1003	0	10	5	15
95	1003	1	10	25	16
95	1003	1	6	25	17
95	1003	1	8	5	18
95	1003	1	8	20	19
95	1003	1	2	15	20
95	1003	1	6	20	21
95	1003	1	4	25	22
95	1003	1	6	15	23
95	1003	1	4	15	24
95	1003	1	4	10	25
95	1003	1	6	10	26
95	1003	1	6	5	27
95	1003	1	4	25	28
95	1003	1	4	20	29
95	1003	1	10	15	30
95	1003	1	10	5	31
95	1003	1	8	25	32
95	1003	1	6	25	33
95	1003	1	8	15	34
95	1003	1	2	10	35
95	1003	1	2	5	36
95	1003	1	10	25	37
95	1003	1	10	10	38
95	1003	1	4	10	39
95	1003	1	4	5	40
95	1003	1	2	15	41
95	1003	1	4	15	42
95	1003	1	10	20	43
95	1003	1	8	20	44
95	1003	1	8	10	45
95	1003	1	6	15	46
95	1003	1	6	20	47
95	1003	1	8	5	48
95	1003	1	2	20	49
95	1003	1	2	25	50
911	1004	1	4	5	1
911	1004	1	4	25	2
911	1004	0	10	15	3
911	1004	1	4	15	4
911	1004	1	6	20	5
911	1004	1	2	10	6
911	1004	1	2	25	7
911	1004	0	10	10	8
911	1004	1	8	10	9
911	1004	1	6	15	10
911	1004	1	2	5	11
911	1004	1	4	10	12
911	1004	0	10	25	13
911	1004	1	8	5	14
911	1004	1	8	15	15
911	1004	0	10	5	16
911	1004	1	4	20	17
911	1004	1	6	25	18
911	1004	0	10	20	19
911	1004	1	6	10	20
911	1004	1	2	15	21
911	1004	1	6	5	22
911	1004	1	8	25	23
911	1004	1	2	20	24
911	1004	1	8	20	25
911	1004	1	2	20	26
911	1004	1	6	20	27
911	1004	1	4	25	28
911	1004	1	2	25	29
911	1004	1	8	20	30
911	1004	1	6	15	31
911	1004	1	4	20	32
911	1004	0	10	5	33
911	1004	0	10	15	34
911	1004	0	10	25	35
911	1004	1	4	10	36
911	1004	1	2	10	37
911	1004	1	10	20	38
911	1004	1	2	5	39
911	1004	1	10	10	40
911	1004	1	8	15	41
911	1004	1	6	10	42
911	1004	1	2	15	43
911	1004	1	4	15	44
911	1004	1	8	10	45
911	1004	1	8	5	46
911	1004	1	8	25	47
911	1004	1	6	5	48
911	1004	1	4	5	49
911	1004	1	6	25	50
913	1005	0	10	20	1
913	1005	1	10	10	2
913	1005	1	6	5	3
913	1005	1	2	20	4
913	1005	1	2	5	5
913	1005	0	8	25	6
913	1005	1	4	10	7
913	1005	0	10	15	8
913	1005	0	10	5	9
913	1005	1	4	5	10
913	1005	1	6	15	11
913	1005	1	8	15	12
913	1005	1	2	25	13
913	1005	1	4	20	14
913	1005	1	6	20	15
913	1005	1	2	15	16
913	1005	1	6	25	17
913	1005	0	8	5	18
913	1005	1	4	15	19
913	1005	1	6	10	20
913	1005	1	2	10	21
913	1005	0	10	25	22
913	1005	1	8	10	23
913	1005	1	8	20	24
913	1005	1	4	25	25
913	1005	1	4	20	26
913	1005	1	6	20	27
913	1005	1	6	10	28
913	1005	1	2	5	29
913	1005	1	2	10	30
913	1005	0	8	5	31
913	1005	1	4	10	32
913	1005	0	10	20	33
913	1005	0	10	25	34
913	1005	0	6	5	35
913	1005	0	10	15	36
913	1005	1	2	15	37
913	1005	1	8	25	38
913	1005	1	2	20	39
913	1005	0	10	10	40
913	1005	1	8	20	41
913	1005	1	6	25	42
913	1005	0	6	15	43
913	1005	0	10	5	44
913	1005	1	4	25	45
913	1005	1	4	15	46
913	1005	1	8	10	47
913	1005	1	4	5	48
913	1005	1	2	25	49
913	1005	0	8	15	50
917	1006	1	8	25	1
917	1006	1	10	15	2
917	1006	1	4	10	3
917	1006	1	2	10	4
917	1006	1	2	25	5
917	1006	1	4	20	6
917	1006	0	10	5	7
917	1006	0	8	5	8
917	1006	0	10	10	9
917	1006	1	6	15	10
917	1006	0	6	5	11
917	1006	1	6	10	12
917	1006	1	4	15	13
917	1006	1	2	5	14
917	1006	1	4	25	15
917	1006	1	8	15	16
917	1006	1	2	15	17
917	1006	0	8	10	18
917	1006	1	6	20	19
917	1006	1	10	25	20
917	1006	1	8	20	21
917	1006	1	2	20	22
917	1006	1	10	20	23
917	1006	1	6	25	24
917	1006	1	4	5	25
917	1006	1	6	20	26
917	1006	1	8	25	27
917	1006	1	4	20	28
917	1006	1	2	5	29
917	1006	1	10	25	30
917	1006	1	8	15	31
917	1006	1	4	10	32
917	1006	1	4	25	33
917	1006	1	4	5	34
917	1006	1	2	10	35
917	1006	1	2	20	36
917	1006	1	6	5	37
917	1006	0	10	10	38
917	1006	0	8	10	39
917	1006	1	2	25	40
917	1006	1	6	10	41
917	1006	1	8	20	42
917	1006	0	10	15	43
917	1006	0	10	5	44
917	1006	1	4	15	45
917	1006	1	8	5	46
917	1006	0	10	20	47
917	1006	1	2	15	48
917	1006	1	6	25	49
917	1006	1	6	15	50
918	1007	0	8	20	1
918	1007	0	8	15	2
918	1007	0	8	5	3
918	1007	1	2	20	4
918	1007	0	10	20	5
918	1007	1	6	20	6
918	1007	1	4	20	7
918	1007	1	2	10	8
918	1007	0	10	15	9
918	1007	0	10	25	10
918	1007	1	4	15	11
918	1007	0	6	10	12
918	1007	0	4	5	13
918	1007	0	8	10	14
918	1007	0	10	10	15
918	1007	1	6	25	16
918	1007	0	10	5	17
918	1007	1	2	15	18
918	1007	1	8	25	19
918	1007	1	2	5	20
918	1007	1	4	25	21
918	1007	1	2	25	22
918	1007	1	4	10	23
918	1007	0	6	5	24
918	1007	0	6	15	25
918	1007	0	10	10	26
918	1007	0	4	5	27
918	1007	0	6	5	28
918	1007	1	2	10	29
918	1007	1	2	15	30
918	1007	0	10	25	31
918	1007	0	10	5	32
918	1007	1	8	25	33
918	1007	1	2	25	34
918	1007	1	6	15	35
918	1007	0	8	5	36
918	1007	0	8	15	37
918	1007	1	8	20	38
918	1007	1	4	15	39
918	1007	1	6	20	40
918	1007	0	6	10	41
918	1007	1	4	20	42
918	1007	1	2	5	43
918	1007	1	4	10	44
918	1007	0	8	10	45
918	1007	0	10	15	46
918	1007	1	6	25	47
918	1007	1	4	25	48
918	1007	0	10	20	49
918	1007	1	2	20	50
921	1008	1	10	15	1
921	1008	1	4	5	2
921	1008	1	4	20	3
921	1008	1	6	20	4
921	1008	1	10	5	5
921	1008	1	8	25	6
921	1008	1	2	25	7
921	1008	1	8	20	8
921	1008	1	4	25	9
921	1008	1	6	5	10
921	1008	1	4	15	11
921	1008	1	4	10	12
921	1008	1	10	25	13
921	1008	0	8	5	14
921	1008	1	2	10	15
921	1008	1	8	15	16
921	1008	1	10	20	17
921	1008	1	2	20	18
921	1008	1	6	25	19
921	1008	1	6	10	20
921	1008	1	8	10	21
921	1008	1	2	5	22
921	1008	1	6	15	23
921	1008	0	10	10	24
921	1008	1	2	15	25
921	1008	1	6	5	26
921	1008	1	4	15	27
921	1008	1	4	25	28
921	1008	1	6	15	29
921	1008	1	6	25	30
921	1008	1	2	15	31
921	1008	1	10	15	32
921	1008	1	10	5	33
921	1008	1	8	5	34
921	1008	1	8	25	35
921	1008	1	4	5	36
921	1008	1	10	25	37
921	1008	1	4	20	38
921	1008	1	10	20	39
921	1008	1	6	10	40
921	1008	1	2	20	41
921	1008	1	8	10	42
921	1008	1	2	25	43
921	1008	1	8	15	44
921	1008	1	2	10	45
921	1008	1	10	10	46
921	1008	1	2	5	47
921	1008	1	4	10	48
921	1008	1	6	20	49
921	1008	1	8	20	50
922	1009	0	10	10	1
922	1009	1	4	15	2
922	1009	1	8	15	3
922	1009	1	8	5	4
922	1009	1	2	20	5
922	1009	1	6	20	6
922	1009	1	10	25	7
922	1009	1	10	15	8
922	1009	1	8	10	9
922	1009	1	4	20	10
922	1009	1	8	20	11
922	1009	1	6	5	12
922	1009	1	4	10	13
922	1009	1	6	25	14
922	1009	1	2	15	15
922	1009	1	2	10	16
922	1009	1	6	15	17
922	1009	1	2	5	18
922	1009	1	4	25	19
922	1009	0	10	5	20
922	1009	1	4	5	21
922	1009	1	2	25	22
922	1009	1	10	20	23
922	1009	1	8	25	24
922	1009	1	6	10	25
922	1009	1	6	25	26
922	1009	1	6	10	27
922	1009	1	2	15	28
922	1009	1	4	25	29
922	1009	1	6	15	30
922	1009	1	4	20	31
922	1009	1	4	5	32
922	1009	0	10	5	33
922	1009	1	6	20	34
922	1009	1	10	25	35
922	1009	1	8	15	36
922	1009	1	8	25	37
922	1009	0	10	15	38
922	1009	0	10	10	39
922	1009	1	4	10	40
922	1009	0	6	5	41
922	1009	1	8	20	42
922	1009	1	2	25	43
922	1009	1	2	5	44
922	1009	1	2	20	45
922	1009	0	8	10	46
922	1009	1	4	15	47
922	1009	1	10	20	48
922	1009	1	2	10	49
922	1009	0	8	5	50
924	1010	1	8	20	1
924	1010	0	4	5	2
924	1010	1	8	25	3
924	1010	1	4	10	4
924	1010	1	4	20	5
924	1010	1	4	15	6
924	1010	0	10	15	7
924	1010	1	2	5	8
924	1010	0	10	20	9
924	1010	1	4	25	10
924	1010	0	8	10	11
924	1010	1	6	15	12
924	1010	1	6	20	13
924	1010	0	10	10	14
924	1010	1	2	10	15
924	1010	1	10	25	16
924	1010	1	2	20	17
924	1010	0	8	15	18
924	1010	1	2	25	19
924	1010	1	2	15	20
924	1010	0	10	5	21
924	1010	0	6	5	22
924	1010	1	8	5	23
924	1010	1	6	10	24
924	1010	1	6	25	25
924	1010	1	2	25	26
924	1010	1	6	15	27
924	1010	1	4	20	28
924	1010	1	10	20	29
924	1010	1	4	15	30
924	1010	1	4	5	31
924	1010	0	8	5	32
924	1010	1	6	25	33
924	1010	1	4	10	34
924	1010	1	4	25	35
924	1010	1	6	20	36
924	1010	1	2	5	37
924	1010	1	2	10	38
924	1010	0	10	5	39
924	1010	1	6	10	40
924	1010	1	2	15	41
924	1010	1	2	20	42
924	1010	0	6	5	43
924	1010	1	8	15	44
924	1010	0	10	10	45
924	1010	1	10	15	46
924	1010	0	8	10	47
924	1010	1	10	25	48
924	1010	1	8	20	49
924	1010	1	8	25	50
926	1011	1	10	20	1
926	1011	1	2	20	2
926	1011	1	8	25	3
926	1011	1	2	10	4
926	1011	1	2	15	5
926	1011	1	8	20	6
926	1011	1	10	25	7
926	1011	1	6	10	8
926	1011	1	6	20	9
926	1011	1	4	15	10
926	1011	1	6	5	11
926	1011	1	2	25	12
926	1011	1	8	10	13
926	1011	1	10	10	14
926	1011	1	6	25	15
926	1011	1	4	20	16
926	1011	1	10	5	17
926	1011	1	4	5	18
926	1011	1	4	10	19
926	1011	1	8	5	20
926	1011	1	2	5	21
926	1011	1	10	15	22
926	1011	1	8	15	23
926	1011	1	4	25	24
926	1011	1	6	15	25
926	1011	1	10	15	26
926	1011	1	10	10	27
926	1011	1	8	25	28
926	1011	1	10	5	29
926	1011	1	6	20	30
926	1011	1	4	20	31
926	1011	1	10	25	32
926	1011	1	4	5	33
926	1011	1	2	15	34
926	1011	1	6	25	35
926	1011	1	6	5	36
926	1011	1	4	25	37
926	1011	1	6	10	38
926	1011	1	4	10	39
926	1011	1	10	20	40
926	1011	1	8	15	41
926	1011	1	8	5	42
926	1011	1	2	10	43
926	1011	1	8	20	44
926	1011	1	8	10	45
926	1011	1	2	20	46
926	1011	1	2	5	47
926	1011	1	2	25	48
926	1011	1	6	15	49
926	1011	1	4	15	50
929	1012	1	6	10	1
929	1012	1	10	20	2
929	1012	1	6	25	3
929	1012	1	6	20	4
929	1012	1	8	10	5
929	1012	1	2	25	6
929	1012	1	8	25	7
929	1012	1	4	25	8
929	1012	1	2	20	9
929	1012	1	2	10	10
929	1012	1	10	15	11
929	1012	1	10	25	12
929	1012	1	4	5	13
929	1012	1	10	10	14
929	1012	1	4	10	15
929	1012	1	2	5	16
929	1012	1	4	15	17
929	1012	1	4	20	18
929	1012	1	8	20	19
929	1012	1	6	5	20
929	1012	1	10	5	21
929	1012	1	8	15	22
929	1012	1	8	5	23
929	1012	1	6	15	24
929	1012	1	2	15	25
929	1012	1	10	5	26
929	1012	1	2	10	27
929	1012	1	2	15	28
929	1012	1	6	25	29
929	1012	1	2	20	30
929	1012	1	8	10	31
929	1012	1	4	10	32
929	1012	1	6	20	33
929	1012	1	6	10	34
929	1012	1	2	5	35
929	1012	1	10	20	36
929	1012	1	8	20	37
929	1012	1	8	5	38
929	1012	1	4	20	39
929	1012	1	4	25	40
929	1012	1	2	25	41
929	1012	1	4	15	42
929	1012	1	6	5	43
929	1012	1	8	15	44
929	1012	1	4	5	45
929	1012	1	10	25	46
929	1012	1	8	25	47
929	1012	1	10	10	48
929	1012	1	10	15	49
929	1012	1	6	15	50
930	1013	1	4	15	1
930	1013	1	8	10	2
930	1013	1	6	20	3
930	1013	1	4	5	4
930	1013	1	2	15	5
930	1013	1	10	10	6
930	1013	1	4	20	7
930	1013	1	10	25	8
930	1013	1	4	10	9
930	1013	1	10	20	10
930	1013	1	8	25	11
930	1013	1	10	5	12
930	1013	1	8	15	13
930	1013	1	2	10	14
930	1013	1	6	10	15
930	1013	1	4	25	16
930	1013	1	2	5	17
930	1013	1	6	5	18
930	1013	1	8	5	19
930	1013	1	8	20	20
930	1013	1	6	25	21
930	1013	1	6	15	22
930	1013	1	10	15	23
930	1013	1	2	25	24
930	1013	1	2	20	25
930	1013	1	10	20	26
930	1013	1	4	5	27
930	1013	1	4	10	28
930	1013	1	2	15	29
930	1013	1	8	20	30
930	1013	1	6	20	31
930	1013	1	8	5	32
930	1013	1	8	10	33
930	1013	1	6	5	34
930	1013	1	2	10	35
930	1013	1	6	15	36
930	1013	1	10	10	37
930	1013	1	2	20	38
930	1013	1	2	25	39
930	1013	1	4	25	40
930	1013	1	10	5	41
930	1013	1	8	25	42
930	1013	1	10	25	43
930	1013	1	8	15	44
930	1013	1	6	25	45
930	1013	1	6	10	46
930	1013	1	4	20	47
930	1013	1	4	15	48
930	1013	1	2	5	49
930	1013	1	10	15	50
932	1014	1	10	15	1
932	1014	1	4	25	2
932	1014	1	4	20	3
932	1014	1	4	10	4
932	1014	1	10	25	5
932	1014	1	8	10	6
932	1014	1	2	15	7
932	1014	1	2	5	8
932	1014	1	2	20	9
932	1014	1	8	20	10
932	1014	1	2	10	11
932	1014	1	4	15	12
932	1014	1	6	15	13
932	1014	1	10	10	14
932	1014	1	8	15	15
932	1014	1	6	25	16
932	1014	1	6	5	17
932	1014	1	10	5	18
932	1014	1	8	5	19
932	1014	1	6	20	20
932	1014	1	2	25	21
932	1014	0	6	10	22
932	1014	0	4	5	23
932	1014	1	8	25	24
932	1014	0	10	20	25
932	1014	1	10	10	26
932	1014	1	6	15	27
932	1014	1	4	25	28
932	1014	1	4	5	29
932	1014	1	8	10	30
932	1014	1	8	20	31
932	1014	1	2	10	32
932	1014	1	8	5	33
932	1014	1	6	20	34
932	1014	1	2	20	35
932	1014	0	2	25	36
932	1014	1	6	5	37
932	1014	1	8	25	38
932	1014	0	10	5	39
932	1014	0	10	25	40
932	1014	0	4	10	41
932	1014	0	2	5	42
932	1014	0	4	20	43
932	1014	0	8	15	44
932	1014	0	10	15	45
932	1014	1	2	15	46
932	1014	1	6	25	47
932	1014	1	10	20	48
932	1014	0	4	15	49
932	1014	0	6	10	50
933	1015	1	6	15	1
933	1015	0	10	10	2
933	1015	1	8	25	3
933	1015	1	4	15	4
933	1015	1	2	20	5
933	1015	0	8	5	6
933	1015	1	10	20	7
933	1015	1	2	5	8
933	1015	0	4	10	9
933	1015	1	4	25	10
933	1015	1	6	10	11
933	1015	1	6	5	12
933	1015	1	4	5	13
933	1015	0	10	15	14
933	1015	0	8	10	15
933	1015	1	6	20	16
933	1015	0	10	5	17
933	1015	1	4	20	18
933	1015	1	8	15	19
933	1015	1	6	25	20
933	1015	1	2	25	21
933	1015	0	10	25	22
933	1015	1	2	10	23
933	1015	1	2	15	24
933	1015	1	8	20	25
933	1015	1	2	10	26
933	1015	1	4	10	27
933	1015	1	6	20	28
933	1015	0	8	10	29
933	1015	1	6	15	30
933	1015	1	2	25	31
933	1015	1	4	25	32
933	1015	1	4	15	33
933	1015	0	8	20	34
933	1015	1	2	20	35
933	1015	0	10	10	36
933	1015	0	10	15	37
933	1015	0	8	15	38
933	1015	1	6	10	39
933	1015	0	10	5	40
933	1015	1	8	25	41
933	1015	0	10	25	42
933	1015	1	4	20	43
933	1015	1	4	5	44
933	1015	0	10	20	45
933	1015	1	6	25	46
933	1015	1	2	5	47
933	1015	0	8	5	48
933	1015	1	2	15	49
933	1015	1	6	5	50
934	1016	1	4	25	1
934	1016	1	8	5	2
934	1016	1	6	15	3
934	1016	1	6	10	4
934	1016	1	10	15	5
934	1016	1	6	25	6
934	1016	1	6	20	7
934	1016	1	4	20	8
934	1016	1	4	15	9
934	1016	1	10	5	10
934	1016	1	2	20	11
934	1016	1	2	25	12
934	1016	1	10	10	13
934	1016	1	4	5	14
934	1016	1	2	15	15
934	1016	1	2	5	16
934	1016	1	8	25	17
934	1016	1	10	25	18
934	1016	1	2	10	19
934	1016	1	8	15	20
934	1016	1	8	10	21
934	1016	1	6	5	22
934	1016	1	10	20	23
934	1016	1	4	10	24
934	1016	1	8	20	25
934	1016	1	2	10	26
934	1016	1	2	5	27
934	1016	1	10	25	28
934	1016	1	2	15	29
934	1016	1	4	20	30
934	1016	1	6	15	31
934	1016	1	4	5	32
934	1016	1	2	25	33
934	1016	1	4	15	34
934	1016	1	8	5	35
934	1016	1	6	10	36
934	1016	1	4	10	37
934	1016	1	10	5	38
934	1016	1	8	10	39
934	1016	1	6	20	40
934	1016	1	8	15	41
934	1016	1	10	10	42
934	1016	1	8	20	43
934	1016	1	8	25	44
934	1016	1	4	25	45
934	1016	1	10	20	46
934	1016	1	6	5	47
934	1016	1	6	25	48
934	1016	1	2	20	49
934	1016	1	10	15	50
939	1017	1	8	5	1
939	1017	1	2	15	2
939	1017	1	10	20	3
939	1017	1	4	10	4
939	1017	0	10	15	5
939	1017	1	8	25	6
939	1017	1	4	20	7
939	1017	0	8	10	8
939	1017	1	4	15	9
939	1017	1	2	5	10
939	1017	1	4	25	11
939	1017	1	2	10	12
939	1017	0	10	10	13
939	1017	1	2	25	14
939	1017	1	6	25	15
939	1017	1	4	5	16
939	1017	1	10	25	17
939	1017	0	6	5	18
939	1017	0	10	5	19
939	1017	1	6	15	20
939	1017	1	2	20	21
939	1017	1	6	10	22
939	1017	1	8	15	23
939	1017	1	8	20	24
939	1017	1	6	20	25
939	1017	1	4	20	26
939	1017	1	2	15	27
939	1017	0	8	5	28
939	1017	1	4	10	29
939	1017	0	6	10	30
939	1017	1	8	25	31
939	1017	1	10	20	32
939	1017	0	10	5	33
939	1017	1	2	20	34
939	1017	1	2	5	35
939	1017	1	8	15	36
939	1017	0	4	5	37
939	1017	1	6	15	38
939	1017	0	10	15	39
939	1017	1	4	15	40
939	1017	0	8	10	41
939	1017	1	8	20	42
939	1017	1	2	10	43
939	1017	1	10	25	44
939	1017	1	6	20	45
939	1017	1	2	25	46
939	1017	0	10	10	47
939	1017	0	6	5	48
939	1017	1	6	25	49
939	1017	1	4	25	50
940	1018	1	6	10	1
940	1018	1	2	5	2
940	1018	1	10	5	3
940	1018	1	10	10	4
940	1018	1	8	20	5
940	1018	1	6	20	6
940	1018	0	8	15	7
940	1018	0	4	25	8
940	1018	1	8	5	9
940	1018	0	2	20	10
940	1018	1	4	5	11
940	1018	0	6	5	12
940	1018	0	10	25	13
940	1018	0	6	25	14
940	1018	0	2	25	15
940	1018	0	8	25	16
940	1018	0	6	15	17
940	1018	0	8	10	18
940	1018	0	4	10	19
940	1018	0	2	10	20
940	1018	0	2	15	21
940	1018	0	10	20	22
940	1018	0	10	15	23
940	1018	0	4	15	24
940	1018	1	4	20	25
940	1018	1	6	15	26
940	1018	1	8	10	27
940	1018	1	4	5	28
940	1018	1	10	15	29
940	1018	1	4	20	30
940	1018	1	8	5	31
940	1018	0	10	20	32
940	1018	0	8	25	33
940	1018	0	2	15	34
940	1018	0	10	10	35
940	1018	0	6	25	36
940	1018	0	2	10	37
940	1018	0	6	10	38
940	1018	0	2	5	39
940	1018	0	6	5	40
940	1018	0	2	20	41
940	1018	0	8	20	42
940	1018	0	4	25	43
940	1018	0	4	10	44
940	1018	0	8	15	45
940	1018	0	4	15	46
940	1018	0	6	20	47
940	1018	0	10	25	48
940	1018	0	10	5	49
940	1018	0	2	25	50
941	1019	1	6	10	1
941	1019	1	8	5	2
941	1019	1	4	15	3
941	1019	1	6	25	4
941	1019	1	8	25	5
941	1019	1	8	20	6
941	1019	1	6	15	7
941	1019	1	4	25	8
941	1019	1	2	25	9
941	1019	1	10	20	10
941	1019	1	8	10	11
941	1019	1	6	20	12
941	1019	1	4	5	13
941	1019	1	10	25	14
941	1019	1	2	5	15
941	1019	1	2	15	16
941	1019	1	10	10	17
941	1019	1	4	20	18
941	1019	0	10	15	19
941	1019	1	10	5	20
941	1019	1	8	15	21
941	1019	1	2	10	22
941	1019	1	2	20	23
941	1019	1	6	5	24
941	1019	1	4	10	25
941	1019	1	2	10	26
941	1019	1	4	15	27
941	1019	1	10	20	28
941	1019	1	8	25	29
941	1019	1	4	5	30
941	1019	1	2	20	31
941	1019	1	6	25	32
941	1019	1	10	15	33
941	1019	1	8	10	34
941	1019	1	4	25	35
941	1019	1	2	15	36
941	1019	1	8	15	37
941	1019	1	6	15	38
941	1019	1	6	10	39
941	1019	1	2	25	40
941	1019	1	2	5	41
941	1019	1	6	5	42
941	1019	1	10	25	43
941	1019	1	8	20	44
941	1019	0	10	10	45
941	1019	1	10	5	46
941	1019	1	4	20	47
941	1019	1	6	20	48
941	1019	1	8	5	49
941	1019	1	4	10	50
943	1020	1	2	25	1
943	1020	1	10	25	2
943	1020	1	6	25	3
943	1020	1	2	20	4
943	1020	1	10	10	5
943	1020	1	8	5	6
943	1020	1	8	20	7
943	1020	1	4	15	8
943	1020	1	4	20	9
943	1020	1	6	5	10
943	1020	1	8	25	11
943	1020	1	4	5	12
943	1020	1	10	20	13
943	1020	1	8	10	14
943	1020	1	4	10	15
943	1020	1	2	15	16
943	1020	1	6	15	17
943	1020	1	8	15	18
943	1020	1	6	20	19
943	1020	1	2	10	20
943	1020	1	6	10	21
943	1020	1	10	15	22
943	1020	1	4	25	23
943	1020	1	10	5	24
943	1020	1	2	5	25
943	1020	1	6	20	26
943	1020	1	4	20	27
943	1020	1	4	10	28
943	1020	1	10	20	29
943	1020	1	8	10	30
943	1020	1	10	25	31
943	1020	1	4	25	32
943	1020	1	6	25	33
943	1020	1	4	5	34
943	1020	1	6	10	35
943	1020	1	2	25	36
943	1020	1	8	20	37
943	1020	1	10	10	38
943	1020	1	8	5	39
943	1020	1	8	15	40
943	1020	1	2	20	41
943	1020	1	8	25	42
943	1020	1	10	15	43
943	1020	1	6	15	44
943	1020	1	4	15	45
943	1020	1	6	5	46
943	1020	1	2	10	47
943	1020	1	10	5	48
943	1020	1	2	5	49
943	1020	1	2	15	50
944	1021	1	8	20	1
944	1021	1	10	10	2
944	1021	1	8	25	3
944	1021	1	4	5	4
944	1021	1	6	5	5
944	1021	1	6	15	6
944	1021	1	8	10	7
944	1021	1	6	20	8
944	1021	1	4	20	9
944	1021	1	10	20	10
944	1021	1	6	25	11
944	1021	1	4	10	12
944	1021	1	6	10	13
944	1021	1	2	15	14
944	1021	1	2	10	15
944	1021	1	2	20	16
944	1021	1	2	5	17
944	1021	1	10	5	18
944	1021	1	4	15	19
944	1021	1	10	25	20
944	1021	1	8	15	21
944	1021	1	4	25	22
944	1021	1	8	5	23
944	1021	1	2	25	24
944	1021	1	10	15	25
944	1021	1	6	25	26
944	1021	1	10	15	27
944	1021	1	8	10	28
944	1021	1	2	25	29
944	1021	1	4	5	30
944	1021	1	8	5	31
944	1021	1	2	5	32
944	1021	1	4	10	33
944	1021	1	10	20	34
944	1021	1	4	20	35
944	1021	1	8	20	36
944	1021	0	6	10	37
944	1021	1	10	25	38
944	1021	1	4	25	39
944	1021	1	6	5	40
944	1021	1	4	15	41
944	1021	1	10	5	42
944	1021	1	8	15	43
944	1021	1	6	20	44
944	1021	1	2	15	45
944	1021	1	8	25	46
944	1021	1	2	20	47
944	1021	1	10	10	48
944	1021	1	2	10	49
944	1021	1	6	15	50
945	1022	1	10	20	1
945	1022	1	8	25	2
945	1022	1	4	25	3
945	1022	1	10	10	4
945	1022	1	8	20	5
945	1022	1	4	15	6
945	1022	1	8	10	7
945	1022	1	6	20	8
945	1022	1	2	15	9
945	1022	1	6	10	10
945	1022	0	10	5	11
945	1022	1	2	5	12
945	1022	1	8	15	13
945	1022	1	10	25	14
945	1022	1	4	10	15
945	1022	1	6	25	16
945	1022	0	8	5	17
945	1022	1	4	20	18
945	1022	1	2	20	19
945	1022	1	4	5	20
945	1022	1	2	10	21
945	1022	1	6	5	22
945	1022	1	2	25	23
945	1022	1	10	15	24
945	1022	1	6	15	25
945	1022	1	10	5	26
945	1022	1	4	25	27
945	1022	1	8	5	28
945	1022	1	4	10	29
945	1022	1	2	10	30
945	1022	1	10	15	31
945	1022	1	2	25	32
945	1022	1	6	25	33
945	1022	1	8	20	34
945	1022	1	6	20	35
945	1022	1	4	20	36
945	1022	1	2	5	37
945	1022	1	10	10	38
945	1022	1	4	15	39
945	1022	1	8	15	40
945	1022	1	8	10	41
945	1022	1	6	5	42
945	1022	1	8	25	43
945	1022	1	6	10	44
945	1022	1	6	15	45
945	1022	1	4	5	46
945	1022	1	2	20	47
945	1022	1	10	25	48
945	1022	1	2	15	49
945	1022	1	10	20	50
946	1023	0	6	5	1
946	1023	1	4	25	2
946	1023	0	8	5	3
946	1023	1	6	10	4
946	1023	1	2	20	5
946	1023	1	2	5	6
946	1023	1	4	20	7
946	1023	1	4	5	8
946	1023	1	6	15	9
946	1023	1	2	15	10
946	1023	1	8	25	11
946	1023	1	10	20	12
946	1023	1	8	10	13
946	1023	1	6	20	14
946	1023	1	6	25	15
946	1023	1	2	10	16
946	1023	1	10	25	17
946	1023	1	4	15	18
946	1023	0	10	10	19
946	1023	1	4	10	20
946	1023	1	8	15	21
946	1023	0	10	15	22
946	1023	1	8	20	23
946	1023	1	2	25	24
946	1023	0	10	5	25
946	1023	1	8	10	26
946	1023	1	2	5	27
946	1023	1	10	15	28
946	1023	1	2	15	29
946	1023	1	4	20	30
946	1023	1	4	10	31
946	1023	1	8	25	32
946	1023	1	2	10	33
946	1023	1	10	20	34
946	1023	1	4	25	35
946	1023	1	8	20	36
946	1023	1	4	15	37
946	1023	1	6	10	38
946	1023	1	6	25	39
946	1023	1	10	10	40
946	1023	0	8	5	41
946	1023	1	4	5	42
946	1023	1	10	25	43
946	1023	1	6	5	44
946	1023	1	8	15	45
946	1023	1	6	20	46
946	1023	0	10	5	47
946	1023	1	2	20	48
946	1023	1	6	15	49
946	1023	1	2	25	50
947	1024	1	4	15	1
947	1024	1	2	20	2
947	1024	0	8	5	3
947	1024	0	10	20	4
947	1024	1	6	20	5
947	1024	1	6	25	6
947	1024	0	8	10	7
947	1024	0	10	15	8
947	1024	1	8	25	9
947	1024	0	8	15	10
947	1024	0	10	10	11
947	1024	1	2	25	12
947	1024	1	6	10	13
947	1024	1	4	25	14
947	1024	1	8	20	15
947	1024	1	4	10	16
947	1024	1	2	10	17
947	1024	0	10	25	18
947	1024	1	6	15	19
947	1024	0	2	5	20
947	1024	0	6	5	21
947	1024	1	4	20	22
947	1024	1	2	15	23
947	1024	0	10	5	24
947	1024	0	4	5	25
947	1024	1	8	25	26
947	1024	0	2	5	27
947	1024	1	6	25	28
947	1024	0	6	10	29
947	1024	0	8	5	30
947	1024	1	6	20	31
947	1024	1	2	15	32
947	1024	0	10	5	33
947	1024	1	6	15	34
947	1024	1	4	25	35
947	1024	0	8	10	36
947	1024	1	2	10	37
947	1024	1	4	20	38
947	1024	0	10	20	39
947	1024	1	4	15	40
947	1024	0	6	5	41
947	1024	0	4	5	42
947	1024	1	8	20	43
947	1024	1	2	25	44
947	1024	0	10	15	45
947	1024	0	10	10	46
947	1024	1	10	25	47
947	1024	1	2	20	48
947	1024	1	8	15	49
947	1024	1	4	10	50
948	1025	1	10	5	1
948	1025	1	10	20	2
948	1025	1	4	25	3
948	1025	1	4	15	4
948	1025	1	6	25	5
948	1025	1	10	10	6
948	1025	1	2	15	7
948	1025	1	2	5	8
948	1025	1	8	20	9
948	1025	1	6	5	10
948	1025	1	6	20	11
948	1025	1	10	25	12
948	1025	1	6	10	13
948	1025	1	4	10	14
948	1025	0	10	15	15
948	1025	0	8	5	16
948	1025	1	2	25	17
948	1025	1	8	25	18
948	1025	0	8	10	19
948	1025	1	4	5	20
948	1025	1	2	10	21
948	1025	1	2	20	22
948	1025	1	4	20	23
948	1025	1	6	15	24
948	1025	1	8	15	25
948	1025	1	10	25	26
948	1025	1	4	25	27
948	1025	1	6	5	28
948	1025	1	8	15	29
948	1025	1	10	5	30
948	1025	1	2	10	31
948	1025	1	4	20	32
948	1025	1	6	25	33
948	1025	1	6	10	34
948	1025	1	4	5	35
948	1025	1	2	5	36
948	1025	1	8	10	37
948	1025	1	4	15	38
948	1025	1	8	25	39
948	1025	1	6	20	40
948	1025	1	6	15	41
948	1025	1	10	10	42
948	1025	1	10	20	43
948	1025	1	2	25	44
948	1025	1	2	15	45
948	1025	1	8	20	46
948	1025	1	10	15	47
948	1025	1	2	20	48
948	1025	1	4	10	49
948	1025	1	8	5	50
950	1026	0	2	25	1
950	1026	1	4	15	2
950	1026	1	10	25	3
950	1026	1	8	15	4
950	1026	1	6	10	5
950	1026	0	6	20	6
950	1026	1	10	15	7
950	1026	1	6	5	8
950	1026	0	4	25	9
950	1026	0	4	20	10
950	1026	0	4	10	11
950	1026	1	6	15	12
950	1026	0	2	10	13
950	1026	1	8	25	14
950	1026	1	10	20	15
950	1026	0	2	20	16
950	1026	0	2	15	17
950	1026	0	8	20	18
950	1026	0	2	5	19
950	1026	0	8	5	20
950	1026	0	10	5	21
950	1026	1	6	25	22
950	1026	0	8	10	23
950	1026	0	4	5	24
950	1026	0	10	10	25
950	1026	1	2	5	26
950	1026	1	10	25	27
950	1026	0	10	15	28
950	1026	1	4	20	29
950	1026	1	8	20	30
950	1026	0	2	25	31
950	1026	1	8	10	32
950	1026	1	4	10	33
950	1026	0	10	20	34
950	1026	1	4	5	35
950	1026	1	4	15	36
950	1026	1	8	15	37
950	1026	0	8	5	38
950	1026	1	2	15	39
950	1026	1	6	5	40
950	1026	0	6	25	41
950	1026	0	6	10	42
950	1026	0	6	15	43
950	1026	0	10	5	44
950	1026	1	2	10	45
950	1026	0	6	20	46
950	1026	1	2	20	47
950	1026	0	10	10	48
950	1026	1	4	25	49
950	1026	0	8	25	50
952	1027	1	4	10	1
952	1027	1	6	5	2
952	1027	1	4	5	3
952	1027	1	6	25	4
952	1027	1	8	20	5
952	1027	1	10	10	6
952	1027	1	2	20	7
952	1027	1	10	25	8
952	1027	1	8	15	9
952	1027	1	10	20	10
952	1027	1	10	5	11
952	1027	1	8	25	12
952	1027	1	4	20	13
952	1027	1	2	5	14
952	1027	1	2	15	15
952	1027	1	8	10	16
952	1027	1	6	15	17
952	1027	1	2	10	18
952	1027	1	2	25	19
952	1027	1	10	15	20
952	1027	1	4	15	21
952	1027	1	4	25	22
952	1027	1	6	20	23
952	1027	1	6	10	24
952	1027	1	8	5	25
952	1027	1	8	10	26
952	1027	1	6	15	27
952	1027	1	4	20	28
952	1027	1	2	15	29
952	1027	1	8	15	30
952	1027	1	2	20	31
952	1027	1	10	15	32
952	1027	1	10	25	33
952	1027	1	2	25	34
952	1027	1	4	10	35
952	1027	1	8	5	36
952	1027	1	2	5	37
952	1027	1	10	20	38
952	1027	1	6	25	39
952	1027	1	4	5	40
952	1027	1	10	5	41
952	1027	1	2	10	42
952	1027	1	4	15	43
952	1027	1	6	5	44
952	1027	1	8	25	45
952	1027	1	6	10	46
952	1027	1	6	20	47
952	1027	1	10	10	48
952	1027	1	8	20	49
952	1027	1	4	25	50
955	1028	1	2	5	1
955	1028	1	4	10	2
955	1028	1	4	15	3
955	1028	1	10	5	4
955	1028	1	8	10	5
955	1028	1	6	5	6
955	1028	1	10	25	7
955	1028	1	8	5	8
955	1028	1	6	10	9
955	1028	1	6	15	10
955	1028	1	10	10	11
955	1028	1	4	5	12
955	1028	1	10	20	13
955	1028	1	8	25	14
955	1028	1	2	15	15
955	1028	1	6	20	16
955	1028	1	8	20	17
955	1028	1	6	25	18
955	1028	1	2	10	19
955	1028	1	2	20	20
955	1028	1	4	25	21
955	1028	1	4	20	22
955	1028	1	10	15	23
955	1028	1	2	25	24
955	1028	1	8	15	25
955	1028	1	6	5	26
955	1028	1	10	20	27
955	1028	1	10	25	28
955	1028	1	10	5	29
955	1028	1	8	5	30
955	1028	1	6	25	31
955	1028	1	2	15	32
955	1028	1	10	15	33
955	1028	1	2	10	34
955	1028	1	8	20	35
955	1028	1	4	20	36
955	1028	1	8	25	37
955	1028	1	8	15	38
955	1028	1	4	5	39
955	1028	1	4	25	40
955	1028	1	2	5	41
955	1028	1	8	10	42
955	1028	1	2	25	43
955	1028	1	6	15	44
955	1028	1	4	10	45
955	1028	1	4	15	46
955	1028	1	6	10	47
955	1028	1	2	20	48
955	1028	1	10	10	49
955	1028	1	6	20	50
960	1029	1	2	5	1
960	1029	0	10	20	2
960	1029	1	2	15	3
960	1029	1	6	5	4
960	1029	1	10	25	5
960	1029	1	2	10	6
960	1029	1	10	15	7
960	1029	1	6	10	8
960	1029	1	8	15	9
960	1029	1	4	15	10
960	1029	1	8	20	11
960	1029	1	8	10	12
960	1029	1	8	5	13
960	1029	1	6	15	14
960	1029	1	8	25	15
960	1029	1	10	10	16
960	1029	1	6	25	17
960	1029	1	2	25	18
960	1029	1	2	20	19
960	1029	1	6	20	20
960	1029	1	4	25	21
960	1029	1	10	5	22
960	1029	1	4	5	23
960	1029	1	4	20	24
960	1029	1	4	10	25
960	1029	1	2	20	26
960	1029	1	4	15	27
960	1029	1	2	10	28
960	1029	1	8	5	29
960	1029	1	6	20	30
960	1029	0	10	20	31
960	1029	0	6	15	32
960	1029	1	4	25	33
960	1029	1	10	25	34
960	1029	1	4	20	35
960	1029	1	8	25	36
960	1029	1	2	25	37
960	1029	0	10	5	38
960	1029	1	4	10	39
960	1029	1	4	5	40
960	1029	1	6	10	41
960	1029	1	10	10	42
960	1029	1	6	5	43
960	1029	1	10	15	44
960	1029	1	6	25	45
960	1029	1	8	15	46
960	1029	1	2	5	47
960	1029	1	8	10	48
960	1029	1	8	20	49
960	1029	1	2	15	50
961	1030	1	6	25	1
961	1030	1	8	20	2
961	1030	1	4	20	3
961	1030	0	8	5	4
961	1030	0	10	10	5
961	1030	0	8	10	6
961	1030	0	10	25	7
961	1030	1	6	15	8
961	1030	1	8	15	9
961	1030	1	8	25	10
961	1030	1	2	25	11
961	1030	1	2	10	12
961	1030	1	6	20	13
961	1030	1	4	15	14
961	1030	1	2	5	15
961	1030	0	10	15	16
961	1030	1	6	10	17
961	1030	1	4	25	18
961	1030	0	10	5	19
961	1030	1	6	5	20
961	1030	1	2	15	21
961	1030	1	4	10	22
961	1030	1	10	20	23
961	1030	1	2	20	24
961	1030	1	4	5	25
961	1030	1	2	5	26
961	1030	1	2	10	27
961	1030	1	8	15	28
961	1030	1	6	15	29
961	1030	0	10	25	30
961	1030	1	2	20	31
961	1030	1	2	15	32
961	1030	1	4	15	33
961	1030	1	6	5	34
961	1030	1	4	10	35
961	1030	1	8	25	36
961	1030	0	10	10	37
961	1030	1	8	10	38
961	1030	0	10	20	39
961	1030	1	8	20	40
961	1030	1	8	5	41
961	1030	1	2	25	42
961	1030	0	10	15	43
961	1030	1	6	10	44
961	1030	1	4	25	45
961	1030	1	6	25	46
961	1030	1	4	20	47
961	1030	1	6	20	48
961	1030	0	10	5	49
961	1030	1	4	5	50
97	1031	1	2	25	1
97	1031	1	4	10	2
97	1031	1	10	25	3
97	1031	0	10	20	4
97	1031	1	8	20	5
97	1031	1	4	20	6
97	1031	1	6	25	7
97	1031	1	6	15	8
97	1031	0	8	10	9
97	1031	1	2	10	10
97	1031	1	2	15	11
97	1031	0	10	5	12
97	1031	1	4	25	13
97	1031	0	10	10	14
97	1031	1	8	25	15
97	1031	0	8	5	16
97	1031	1	2	20	17
97	1031	1	6	20	18
97	1031	1	4	15	19
97	1031	1	6	10	20
97	1031	1	2	5	21
97	1031	0	10	15	22
97	1031	1	8	15	23
97	1031	1	4	5	24
97	1031	1	6	5	25
97	1031	1	4	20	26
97	1031	1	8	10	27
97	1031	1	2	25	28
97	1031	1	2	20	29
97	1031	1	8	20	30
97	1031	1	2	15	31
97	1031	1	6	10	32
97	1031	1	8	15	33
97	1031	1	10	25	34
97	1031	1	2	5	35
97	1031	1	10	5	36
97	1031	1	4	10	37
97	1031	1	6	5	38
97	1031	1	4	15	39
97	1031	1	8	5	40
97	1031	1	4	25	41
97	1031	1	8	25	42
97	1031	1	4	5	43
97	1031	0	10	15	44
97	1031	1	2	10	45
97	1031	1	6	20	46
97	1031	1	10	20	47
97	1031	1	6	25	48
97	1031	1	6	15	49
97	1031	0	10	10	50
92001	1032	0	10	15	1
92001	1032	1	8	20	2
92001	1032	1	4	5	3
92001	1032	1	6	10	4
92001	1032	1	6	25	5
92001	1032	1	2	10	6
92001	1032	1	2	25	7
92001	1032	1	10	20	8
92001	1032	1	4	10	9
92001	1032	1	4	15	10
92001	1032	1	4	25	11
92001	1032	1	4	20	12
92001	1032	1	2	20	13
92001	1032	1	2	15	14
92001	1032	1	8	15	15
92001	1032	1	8	10	16
92001	1032	1	6	15	17
92001	1032	0	10	5	18
92001	1032	1	8	5	19
92001	1032	1	6	5	20
92001	1032	1	8	25	21
92001	1032	1	10	25	22
92001	1032	0	10	10	23
92001	1032	1	6	20	24
92001	1032	1	2	5	25
92001	1032	1	2	20	26
92001	1032	1	10	15	27
92001	1032	1	8	25	28
92001	1032	1	10	25	29
92001	1032	1	2	5	30
92001	1032	1	6	25	31
92001	1032	1	4	20	32
92001	1032	1	2	10	33
92001	1032	1	8	10	34
92001	1032	1	6	5	35
92001	1032	1	6	10	36
92001	1032	1	8	15	37
92001	1032	1	2	15	38
92001	1032	1	4	10	39
92001	1032	1	8	20	40
92001	1032	1	8	5	41
92001	1032	1	4	5	42
92001	1032	1	6	20	43
92001	1032	1	4	15	44
92001	1032	0	10	10	45
92001	1032	1	6	15	46
92001	1032	1	4	25	47
92001	1032	0	10	20	48
92001	1032	0	10	5	49
92001	1032	1	2	25	50
92004	1033	1	4	5	1
92004	1033	1	6	10	2
92004	1033	1	10	15	3
92004	1033	1	6	25	4
92004	1033	1	10	20	5
92004	1033	1	2	15	6
92004	1033	1	8	25	7
92004	1033	1	8	20	8
92004	1033	1	8	10	9
92004	1033	1	6	20	10
92004	1033	1	4	20	11
92004	1033	1	10	5	12
92004	1033	1	2	25	13
92004	1033	1	4	10	14
92004	1033	1	10	25	15
92004	1033	1	6	15	16
92004	1033	1	2	20	17
92004	1033	1	4	15	18
92004	1033	1	6	5	19
92004	1033	0	10	10	20
92004	1033	1	8	15	21
92004	1033	0	8	5	22
92004	1033	1	2	10	23
92004	1033	1	4	25	24
92004	1033	1	2	5	25
92004	1033	1	8	25	26
92004	1033	1	10	25	27
92004	1033	1	4	5	28
92004	1033	1	2	10	29
92004	1033	1	2	25	30
92004	1033	0	10	5	31
92004	1033	1	4	25	32
92004	1033	1	2	20	33
92004	1033	1	4	15	34
92004	1033	0	4	10	35
92004	1033	1	4	20	36
92004	1033	1	10	20	37
92004	1033	0	8	5	38
92004	1033	1	10	15	39
92004	1033	1	2	5	40
92004	1033	1	8	20	41
92004	1033	0	6	5	42
92004	1033	0	8	15	43
92004	1033	1	2	15	44
92004	1033	0	10	10	45
92004	1033	1	6	20	46
92004	1033	1	8	10	47
92004	1033	1	6	25	48
92004	1033	1	6	10	49
92004	1033	1	6	15	50
912005	1034	1	6	15	1
912005	1034	1	2	25	2
912005	1034	0	2	5	3
912005	1034	1	6	20	4
912005	1034	1	6	10	5
912005	1034	0	6	5	6
912005	1034	1	2	20	7
912005	1034	0	10	5	8
912005	1034	1	8	25	9
912005	1034	1	4	15	10
912005	1034	0	4	5	11
912005	1034	0	8	5	12
912005	1034	1	10	15	13
912005	1034	1	2	10	14
912005	1034	1	8	10	15
912005	1034	1	4	20	16
912005	1034	1	4	10	17
912005	1034	1	8	20	18
912005	1034	1	6	25	19
912005	1034	1	2	15	20
912005	1034	1	4	25	21
912005	1034	1	8	15	22
912005	1034	1	10	25	23
912005	1034	0	10	20	24
912005	1034	0	10	10	25
912005	1034	1	4	20	26
912005	1034	1	6	15	27
912005	1034	1	2	5	28
912005	1034	0	4	5	29
912005	1034	1	4	25	30
912005	1034	0	6	5	31
912005	1034	1	2	25	32
912005	1034	1	10	15	33
912005	1034	1	8	20	34
912005	1034	1	2	10	35
912005	1034	1	10	25	36
912005	1034	0	10	10	37
912005	1034	0	8	5	38
912005	1034	1	8	25	39
912005	1034	1	2	20	40
912005	1034	1	8	10	41
912005	1034	1	2	15	42
912005	1034	1	6	25	43
912005	1034	1	4	15	44
912005	1034	1	4	10	45
912005	1034	1	8	15	46
912005	1034	1	6	20	47
912005	1034	0	10	20	48
912005	1034	1	6	10	49
912005	1034	0	10	5	50
92006	1035	1	2	25	1
92006	1035	1	2	10	2
92006	1035	1	4	15	3
92006	1035	1	2	15	4
92006	1035	1	4	25	5
92006	1035	1	2	20	6
92006	1035	1	10	25	7
92006	1035	1	10	20	8
92006	1035	1	10	10	9
92006	1035	1	6	15	10
92006	1035	1	6	5	11
92006	1035	1	2	5	12
92006	1035	1	8	20	13
92006	1035	1	6	20	14
92006	1035	1	6	25	15
92006	1035	1	8	25	16
92006	1035	1	6	10	17
92006	1035	1	4	10	18
92006	1035	1	4	5	19
92006	1035	1	8	10	20
92006	1035	1	10	15	21
92006	1035	1	4	20	22
92006	1035	1	8	5	23
92006	1035	1	10	5	24
92006	1035	1	8	15	25
92006	1035	1	10	5	26
92006	1035	1	2	20	27
92006	1035	1	8	20	28
92006	1035	1	10	20	29
92006	1035	1	2	25	30
92006	1035	1	10	15	31
92006	1035	1	4	15	32
92006	1035	1	2	10	33
92006	1035	1	8	15	34
92006	1035	1	6	5	35
92006	1035	1	4	5	36
92006	1035	1	6	15	37
92006	1035	1	2	15	38
92006	1035	1	6	25	39
92006	1035	1	8	5	40
92006	1035	1	10	25	41
92006	1035	1	4	20	42
92006	1035	1	8	10	43
92006	1035	1	2	5	44
92006	1035	1	10	10	45
92006	1035	1	8	25	46
92006	1035	1	4	10	47
92006	1035	1	6	10	48
92006	1035	1	4	25	49
92006	1035	1	6	20	50
92008	1036	1	6	10	1
92008	1036	1	4	10	2
92008	1036	1	6	5	3
92008	1036	1	6	25	4
92008	1036	1	2	10	5
92008	1036	1	2	25	6
92008	1036	1	4	20	7
92008	1036	1	8	10	8
92008	1036	0	10	5	9
92008	1036	1	6	15	10
92008	1036	0	10	10	11
92008	1036	0	10	20	12
92008	1036	1	6	20	13
92008	1036	1	8	5	14
92008	1036	1	4	15	15
92008	1036	1	2	15	16
92008	1036	0	10	15	17
92008	1036	1	2	5	18
92008	1036	1	8	20	19
92008	1036	1	2	20	20
92008	1036	1	4	5	21
92008	1036	1	8	25	22
92008	1036	1	8	15	23
92008	1036	0	10	25	24
92008	1036	1	4	25	25
92008	1036	1	6	20	26
92008	1036	0	10	5	27
92008	1036	1	4	5	28
92008	1036	1	2	5	29
92008	1036	1	4	10	30
92008	1036	1	6	15	31
92008	1036	1	8	5	32
92008	1036	1	8	20	33
92008	1036	0	10	20	34
92008	1036	1	6	10	35
92008	1036	1	6	5	36
92008	1036	0	10	10	37
92008	1036	1	8	25	38
92008	1036	1	4	15	39
92008	1036	1	2	20	40
92008	1036	1	10	25	41
92008	1036	1	2	10	42
92008	1036	1	8	10	43
92008	1036	1	4	25	44
92008	1036	1	2	15	45
92008	1036	1	8	15	46
92008	1036	1	2	25	47
92008	1036	1	4	20	48
92008	1036	0	10	15	49
92008	1036	1	6	25	50
92009	1037	1	8	20	1
92009	1037	1	8	15	2
92009	1037	1	10	20	3
92009	1037	1	10	15	4
92009	1037	1	6	10	5
92009	1037	1	4	5	6
92009	1037	1	2	10	7
92009	1037	1	4	25	8
92009	1037	1	10	25	9
92009	1037	1	4	15	10
92009	1037	1	2	20	11
92009	1037	1	6	15	12
92009	1037	1	2	5	13
92009	1037	1	8	25	14
92009	1037	0	10	5	15
92009	1037	1	4	20	16
92009	1037	1	8	10	17
92009	1037	0	6	5	18
92009	1037	0	8	5	19
92009	1037	1	2	25	20
92009	1037	1	6	25	21
92009	1037	1	10	10	22
92009	1037	1	6	20	23
92009	1037	1	4	10	24
92009	1037	1	2	15	25
92009	1037	0	8	10	26
92009	1037	0	10	20	27
92009	1037	1	4	25	28
92009	1037	1	4	20	29
92009	1037	1	8	25	30
92009	1037	0	6	5	31
92009	1037	1	6	20	32
92009	1037	1	6	25	33
92009	1037	1	10	25	34
92009	1037	1	10	10	35
92009	1037	1	2	15	36
92009	1037	1	6	15	37
92009	1037	1	4	5	38
92009	1037	0	10	5	39
92009	1037	1	6	10	40
92009	1037	1	2	20	41
92009	1037	0	10	15	42
92009	1037	1	2	5	43
92009	1037	1	4	15	44
92009	1037	1	8	20	45
92009	1037	1	4	10	46
92009	1037	0	8	5	47
92009	1037	1	2	10	48
92009	1037	0	8	15	49
92009	1037	1	2	25	50
92011	1038	1	2	10	1
92011	1038	1	2	15	2
92011	1038	1	10	20	3
92011	1038	0	4	5	4
92011	1038	1	10	25	5
92011	1038	1	2	20	6
92011	1038	1	4	15	7
92011	1038	1	4	20	8
92011	1038	1	10	15	9
92011	1038	1	6	15	10
92011	1038	1	8	15	11
92011	1038	1	6	25	12
92011	1038	0	6	5	13
92011	1038	1	8	20	14
92011	1038	1	6	20	15
92011	1038	1	4	25	16
92011	1038	1	2	25	17
92011	1038	0	10	10	18
92011	1038	0	2	5	19
92011	1038	1	4	10	20
92011	1038	0	8	5	21
92011	1038	0	8	10	22
92011	1038	1	8	25	23
92011	1038	1	6	10	24
92011	1038	0	10	5	25
92011	1038	1	4	25	26
92011	1038	1	10	20	27
92011	1038	1	2	10	28
92011	1038	1	6	20	29
92011	1038	0	10	5	30
92011	1038	1	2	20	31
92011	1038	1	2	15	32
92011	1038	0	10	10	33
92011	1038	1	10	25	34
92011	1038	1	2	25	35
92011	1038	1	6	25	36
92011	1038	1	8	20	37
92011	1038	0	8	5	38
92011	1038	0	6	5	39
92011	1038	1	8	15	40
92011	1038	0	4	5	41
92011	1038	1	2	5	42
92011	1038	1	6	15	43
92011	1038	1	8	25	44
92011	1038	1	4	20	45
92011	1038	1	8	10	46
92011	1038	1	4	15	47
92011	1038	1	6	10	48
92011	1038	1	4	10	49
92011	1038	1	10	15	50
92013	1039	1	4	20	1
92013	1039	1	2	5	2
92013	1039	1	4	15	3
92013	1039	1	6	20	4
92013	1039	0	8	5	5
92013	1039	1	2	15	6
92013	1039	1	6	25	7
92013	1039	0	10	5	8
92013	1039	1	8	25	9
92013	1039	1	10	10	10
92013	1039	1	10	20	11
92013	1039	1	2	20	12
92013	1039	1	4	10	13
92013	1039	1	2	25	14
92013	1039	1	10	15	15
92013	1039	1	4	25	16
92013	1039	1	2	10	17
92013	1039	1	10	25	18
92013	1039	0	8	15	19
92013	1039	1	6	10	20
92013	1039	1	8	20	21
92013	1039	1	8	10	22
92013	1039	1	6	5	23
92013	1039	1	6	15	24
92013	1039	1	4	5	25
92013	1039	1	8	5	26
92013	1039	1	6	20	27
92013	1039	1	6	15	28
92013	1039	1	2	15	29
92013	1039	0	10	10	30
92013	1039	1	8	25	31
92013	1039	1	8	20	32
92013	1039	1	4	10	33
92013	1039	1	4	25	34
92013	1039	1	10	5	35
92013	1039	1	6	10	36
92013	1039	1	10	20	37
92013	1039	1	4	5	38
92013	1039	1	2	25	39
92013	1039	1	6	25	40
92013	1039	1	2	5	41
92013	1039	1	10	15	42
92013	1039	1	8	15	43
92013	1039	1	2	10	44
92013	1039	1	8	10	45
92013	1039	1	4	20	46
92013	1039	1	10	25	47
92013	1039	0	6	5	48
92013	1039	1	4	15	49
92013	1039	1	2	20	50
92014	1040	1	8	20	1
92014	1040	0	8	5	2
92014	1040	1	2	10	3
92014	1040	1	4	10	4
92014	1040	1	10	20	5
92014	1040	1	4	25	6
92014	1040	0	10	5	7
92014	1040	1	2	25	8
92014	1040	0	6	5	9
92014	1040	1	10	15	10
92014	1040	1	8	25	11
92014	1040	1	2	5	12
92014	1040	1	6	20	13
92014	1040	1	4	15	14
92014	1040	1	6	25	15
92014	1040	1	8	10	16
92014	1040	1	8	15	17
92014	1040	1	4	20	18
92014	1040	1	2	15	19
92014	1040	1	10	10	20
92014	1040	1	4	5	21
92014	1040	1	2	20	22
92014	1040	1	6	15	23
92014	1040	1	10	25	24
92014	1040	1	6	10	25
92014	1040	1	4	20	26
92014	1040	1	10	20	27
92014	1040	1	10	25	28
92014	1040	1	2	5	29
92014	1040	1	2	15	30
92014	1040	1	8	25	31
92014	1040	1	6	10	32
92014	1040	1	8	10	33
92014	1040	1	2	20	34
92014	1040	0	10	10	35
92014	1040	1	4	5	36
92014	1040	0	10	5	37
92014	1040	1	4	25	38
92014	1040	1	6	20	39
92014	1040	1	4	10	40
92014	1040	1	6	5	41
92014	1040	1	4	15	42
92014	1040	1	2	10	43
92014	1040	1	2	25	44
92014	1040	1	10	15	45
92014	1040	1	6	15	46
92014	1040	1	6	25	47
92014	1040	1	8	5	48
92014	1040	1	8	15	49
92014	1040	1	8	20	50
92016	1041	0	10	10	1
92016	1041	1	2	15	2
92016	1041	1	4	20	3
92016	1041	1	10	20	4
92016	1041	1	10	25	5
92016	1041	1	8	10	6
92016	1041	1	2	20	7
92016	1041	1	2	10	8
92016	1041	0	4	5	9
92016	1041	1	4	25	10
92016	1041	1	8	15	11
92016	1041	1	2	5	12
92016	1041	1	4	15	13
92016	1041	1	6	25	14
92016	1041	0	10	5	15
92016	1041	1	6	5	16
92016	1041	1	6	15	17
92016	1041	1	6	20	18
92016	1041	1	4	10	19
92016	1041	1	8	25	20
92016	1041	0	8	5	21
92016	1041	1	6	10	22
92016	1041	1	8	20	23
92016	1041	1	10	15	24
92016	1041	1	2	25	25
92016	1041	1	8	15	26
92016	1041	1	10	20	27
92016	1041	1	8	20	28
92016	1041	1	6	20	29
92016	1041	1	4	25	30
92016	1041	0	4	5	31
92016	1041	1	2	15	32
92016	1041	1	2	20	33
92016	1041	0	10	5	34
92016	1041	1	4	15	35
92016	1041	1	2	10	36
92016	1041	1	8	25	37
92016	1041	0	6	5	38
92016	1041	1	10	15	39
92016	1041	1	6	25	40
92016	1041	1	10	10	41
92016	1041	1	4	20	42
92016	1041	1	2	5	43
92016	1041	1	4	10	44
92016	1041	0	8	5	45
92016	1041	0	8	10	46
92016	1041	1	2	25	47
92016	1041	1	6	15	48
92016	1041	1	10	25	49
92016	1041	1	6	10	50
92018	1042	0	10	10	1
92018	1042	1	8	15	2
92018	1042	1	6	15	3
92018	1042	0	6	5	4
92018	1042	0	10	5	5
92018	1042	1	6	10	6
92018	1042	1	8	25	7
92018	1042	1	2	25	8
92018	1042	0	8	5	9
92018	1042	1	2	15	10
92018	1042	1	4	5	11
92018	1042	1	2	10	12
92018	1042	1	2	20	13
92018	1042	1	2	5	14
92018	1042	1	10	20	15
92018	1042	1	4	10	16
92018	1042	1	4	15	17
92018	1042	1	10	15	18
92018	1042	1	6	20	19
92018	1042	1	4	25	20
92018	1042	1	8	20	21
92018	1042	1	8	10	22
92018	1042	1	6	25	23
92018	1042	1	4	20	24
92018	1042	1	10	25	25
92018	1042	1	8	20	26
92018	1042	0	10	10	27
92018	1042	1	6	15	28
92018	1042	1	4	5	29
92018	1042	1	8	15	30
92018	1042	1	10	25	31
92018	1042	0	8	10	32
92018	1042	1	2	15	33
92018	1042	1	2	5	34
92018	1042	1	6	20	35
92018	1042	1	4	20	36
92018	1042	1	10	20	37
92018	1042	0	10	5	38
92018	1042	1	2	10	39
92018	1042	1	4	10	40
92018	1042	1	2	25	41
92018	1042	1	4	15	42
92018	1042	1	8	25	43
92018	1042	1	6	10	44
92018	1042	1	2	20	45
92018	1042	1	6	25	46
92018	1042	1	4	25	47
92018	1042	0	8	5	48
92018	1042	0	10	15	49
92018	1042	0	6	5	50
92020	1043	1	10	15	1
92020	1043	1	10	5	2
92020	1043	1	8	10	3
92020	1043	1	2	25	4
92020	1043	1	4	25	5
92020	1043	1	8	25	6
92020	1043	1	10	25	7
92020	1043	1	2	15	8
92020	1043	1	6	15	9
92020	1043	1	4	5	10
92020	1043	1	8	20	11
92020	1043	1	4	10	12
92020	1043	1	8	5	13
92020	1043	1	2	5	14
92020	1043	1	4	15	15
92020	1043	1	4	20	16
92020	1043	1	2	10	17
92020	1043	1	2	20	18
92020	1043	1	6	25	19
92020	1043	1	6	20	20
92020	1043	1	8	15	21
92020	1043	1	10	20	22
92020	1043	1	6	5	23
92020	1043	1	6	10	24
92020	1043	1	10	10	25
92020	1043	1	2	20	26
92020	1043	1	8	25	27
92020	1043	1	4	25	28
92020	1043	1	10	10	29
92020	1043	1	8	5	30
92020	1043	1	8	10	31
92020	1043	1	10	20	32
92020	1043	1	10	15	33
92020	1043	1	2	5	34
92020	1043	1	8	15	35
92020	1043	1	4	20	36
92020	1043	1	4	15	37
92020	1043	1	4	5	38
92020	1043	1	10	5	39
92020	1043	1	6	10	40
92020	1043	1	6	25	41
92020	1043	1	6	15	42
92020	1043	1	6	5	43
92020	1043	1	2	25	44
92020	1043	1	10	25	45
92020	1043	1	2	15	46
92020	1043	1	4	10	47
92020	1043	1	6	20	48
92020	1043	1	8	20	49
92020	1043	1	2	10	50
92027	1044	1	2	20	1
92027	1044	1	6	25	2
92027	1044	1	10	20	3
92027	1044	1	8	10	4
92027	1044	1	6	15	5
92027	1044	1	6	5	6
92027	1044	1	4	10	7
92027	1044	1	10	15	8
92027	1044	1	4	15	9
92027	1044	1	4	5	10
92027	1044	1	6	20	11
92027	1044	0	10	5	12
92027	1044	1	10	10	13
92027	1044	1	10	25	14
92027	1044	1	4	25	15
92027	1044	1	2	5	16
92027	1044	1	6	10	17
92027	1044	1	2	10	18
92027	1044	1	4	20	19
92027	1044	1	8	20	20
92027	1044	1	2	25	21
92027	1044	1	8	5	22
92027	1044	1	8	15	23
92027	1044	1	8	25	24
92027	1044	1	2	15	25
92027	1044	1	4	20	26
92027	1044	1	8	5	27
92027	1044	1	6	25	28
92027	1044	1	8	10	29
92027	1044	1	4	5	30
92027	1044	1	4	25	31
92027	1044	1	10	10	32
92027	1044	1	10	25	33
92027	1044	1	2	25	34
92027	1044	1	8	15	35
92027	1044	1	6	15	36
92027	1044	1	4	15	37
92027	1044	1	6	5	38
92027	1044	1	6	10	39
92027	1044	1	2	10	40
92027	1044	1	8	25	41
92027	1044	1	2	5	42
92027	1044	1	6	20	43
92027	1044	1	2	20	44
92027	1044	1	10	15	45
92027	1044	1	8	20	46
92027	1044	1	10	5	47
92027	1044	1	2	15	48
92027	1044	1	10	20	49
92027	1044	1	4	10	50
92046	1045	1	2	10	1
92046	1045	1	6	10	2
92046	1045	1	6	15	3
92046	1045	1	4	20	4
92046	1045	1	10	15	5
92046	1045	0	2	5	6
92046	1045	0	4	5	7
92046	1045	1	8	10	8
92046	1045	1	6	25	9
92046	1045	0	6	5	10
92046	1045	1	8	25	11
92046	1045	1	4	15	12
92046	1045	1	10	25	13
92046	1045	1	8	20	14
92046	1045	0	10	10	15
92046	1045	0	10	5	16
92046	1045	1	4	25	17
92046	1045	1	10	20	18
92046	1045	1	8	15	19
92046	1045	1	6	20	20
92046	1045	1	4	10	21
92046	1045	0	8	5	22
92046	1045	1	2	15	23
92046	1045	1	2	20	24
92046	1045	1	2	25	25
92046	1045	1	4	10	26
92046	1045	1	6	25	27
92046	1045	0	4	5	28
92046	1045	1	2	15	29
92046	1045	0	10	10	30
92046	1045	1	2	10	31
92046	1045	1	6	15	32
92046	1045	0	8	15	33
92046	1045	0	6	10	34
92046	1045	0	10	15	35
92046	1045	1	4	20	36
92046	1045	0	2	5	37
92046	1045	0	6	5	38
92046	1045	0	10	5	39
92046	1045	1	2	25	40
92046	1045	1	2	20	41
92046	1045	1	4	15	42
92046	1045	1	8	20	43
92046	1045	1	6	20	44
92046	1045	1	10	25	45
92046	1045	1	10	20	46
92046	1045	1	8	25	47
92046	1045	0	8	5	48
92046	1045	0	8	10	49
92046	1045	1	4	25	50
